
444 940 798 1096 999t1conv0020.jpg
590 875 709 907 998t1conv0020.jpg
161 873 273 902 997t1conv0020.jpg
113 797 266 831 996t1conv0020.jpg
722 769 841 801 995t1conv0020.jpg
226 766 339 802 994t1conv0020.jpg
113 766 225 802 993t1conv0020.jpg
740 737 893 771 992t1conv0020.jpg
337 737 698 771 991t1conv0020.jpg
161 737 308 771 990t1conv0020.jpg
894 736 1127 771 989t1conv0020.jpg
174 664 333 698 988t1conv0020.jpg
488 498 655 528 987t1conv0020.jpg
356 498 490 533 986t1conv0020.jpg
621 205 742 239 985t1conv0020.jpg
161 172 278 206 984t1conv0020.jpg
353 171 516 206 983t1conv0020.jpg
101 1528 1139 1690 982t2contouredcconv0020.jpg
101 1282 1139 1515 981t2contouredcconv0020.jpg
119 1146 648 1268 980t2contouredcconv0020.jpg
120 1095 298 1167 979t2contouredcconv0020.jpg
101 860 600 953 978t2contouredcconv0020.jpg
932 848 1138 919 977t2contouredcconv0020.jpg
699 848 939 915 976t2contouredcconv0020.jpg
828 754 1139 808 975t2contouredcconv0020.jpg
328 727 755 814 974t2contouredcconv0020.jpg
101 726 170 778 973t2contouredcconv0020.jpg
299 724 352 778 972t2contouredcconv0020.jpg
119 651 182 711 971t2contouredcconv0020.jpg
319 639 636 710 970t2contouredcconv0020.jpg
483 582 593 654 969t2contouredcconv0020.jpg
163 582 281 654 968t2contouredcconv0020.jpg
797 525 915 596 967t2contouredcconv0020.jpg
480 524 591 596 966t2contouredcconv0020.jpg
640 487 696 540 965t2contouredcconv0020.jpg
120 486 371 596 964t2contouredcconv0020.jpg
101 147 1139 487 963t2contouredcconv0020.jpg
476 79 764 142 962t2contouredcconv0020.jpg
100 -2 1140 61 961t2contouredcconv0020.jpg
sameline
nextline
sameline
nextline
sameline
nextline
sameline
nextline
sameline
nextline
sameline
nextline
sameline
nextline
nextline
sameline
sameline
nextline
sameline
sameline
nextline
sameline
sameline
sameline
nextline
sameline
sameline
nextline
sameline
sameline
nextline
sameline
sameline
nextline
nextline
nextline
nextline
nextline
100 -2 1140 61 961t2contouredcconv0020.jpg 
476 79 764 142 962t2contouredcconv0020.jpg 
101 147 1139 487 963t2contouredcconv0020.jpg 
353 171 516 206 983t1conv0020.jpg 
161 172 278 206 984t1conv0020.jpg 
621 205 742 239 985t1conv0020.jpg 
120 486 371 596 964t2contouredcconv0020.jpg 
640 487 696 540 965t2contouredcconv0020.jpg 
356 498 490 533 986t1conv0020.jpg 
488 498 655 528 987t1conv0020.jpg 
480 524 591 596 966t2contouredcconv0020.jpg 
797 525 915 596 967t2contouredcconv0020.jpg 
163 582 281 654 968t2contouredcconv0020.jpg 
483 582 593 654 969t2contouredcconv0020.jpg 
319 639 636 710 970t2contouredcconv0020.jpg 
119 651 182 711 971t2contouredcconv0020.jpg 
174 664 333 698 988t1conv0020.jpg 
299 724 352 778 972t2contouredcconv0020.jpg 
101 726 170 778 973t2contouredcconv0020.jpg 
328 727 755 814 974t2contouredcconv0020.jpg 
894 736 1127 771 989t1conv0020.jpg 
161 737 308 771 990t1conv0020.jpg 
337 737 698 771 991t1conv0020.jpg 
740 737 893 771 992t1conv0020.jpg 
828 754 1139 808 975t2contouredcconv0020.jpg 
113 766 225 802 993t1conv0020.jpg 
226 766 339 802 994t1conv0020.jpg 
722 769 841 801 995t1conv0020.jpg 
113 797 266 831 996t1conv0020.jpg 
699 848 939 915 976t2contouredcconv0020.jpg 
932 848 1138 919 977t2contouredcconv0020.jpg 
101 860 600 953 978t2contouredcconv0020.jpg 
161 873 273 902 997t1conv0020.jpg 
590 875 709 907 998t1conv0020.jpg 
444 940 798 1096 999t1conv0020.jpg 
120 1095 298 1167 979t2contouredcconv0020.jpg 
119 1146 648 1268 980t2contouredcconv0020.jpg 
101 1282 1139 1515 981t2contouredcconv0020.jpg 
101 1528 1139 1690 982t2contouredcconv0020.jpg 