
305 947 605 978 999t1conv0251.jpg
171 945 301 978 998t1conv0251.jpg
483 904 678 927 997t1conv0251.jpg
305 900 486 931 996t1conv0251.jpg
171 898 298 931 995t1conv0251.jpg
305 853 437 880 994t1conv0251.jpg
171 851 301 884 993t1conv0251.jpg
637 711 923 780 992t1conv0251.jpg
343 708 616 793 991t1conv0251.jpg
170 708 321 780 990t1conv0251.jpg
364 644 840 701 989t1conv0251.jpg
172 629 342 701 988t1conv0251.jpg
180 445 291 587 987t1conv0251.jpg
414 419 565 556 986t1conv0251.jpg
607 415 723 555 985t1conv0251.jpg
850 617 967 713 984t2contouredcconv0251.jpg
698 617 750 664 983t2contouredcconv0251.jpg
283 433 416 570 982t2contouredcconv0251.jpg
nextline
nextline
nextline
nextline
sameline
nextline
sameline
nextline
sameline
sameline
nextline
sameline
nextline
sameline
sameline
nextline
sameline
607 415 723 555 985t1conv0251.jpg 
414 419 565 556 986t1conv0251.jpg 
283 433 416 570 982t2contouredcconv0251.jpg 
180 445 291 587 987t1conv0251.jpg 
698 617 750 664 983t2contouredcconv0251.jpg 
850 617 967 713 984t2contouredcconv0251.jpg 
172 629 342 701 988t1conv0251.jpg 
364 644 840 701 989t1conv0251.jpg 
170 708 321 780 990t1conv0251.jpg 
343 708 616 793 991t1conv0251.jpg 
637 711 923 780 992t1conv0251.jpg 
171 851 301 884 993t1conv0251.jpg 
305 853 437 880 994t1conv0251.jpg 
171 898 298 931 995t1conv0251.jpg 
305 900 486 931 996t1conv0251.jpg 
483 904 678 927 997t1conv0251.jpg 
171 945 301 978 998t1conv0251.jpg 
305 947 605 978 999t1conv0251.jpg 