
395 970 573 1004 999t1conv0010.jpg
249 970 392 1004 998t1conv0010.jpg
299 940 475 974 997t1conv0010.jpg
579 877 693 906 996t1conv0010.jpg
623 834 777 866 995t1conv0010.jpg
513 832 625 866 994t1conv0010.jpg
803 789 958 821 993t1conv0010.jpg
221 787 365 816 992t1conv0010.jpg
495 725 609 754 991t1conv0010.jpg
547 680 686 709 990t1conv0010.jpg
147 680 291 709 989t1conv0010.jpg
113 522 305 557 988t1conv0010.jpg
311 493 448 522 987t1conv0010.jpg
497 224 612 251 986t1conv0010.jpg
101 1469 1139 1694 985t2contouredcconv0010.jpg
439 1402 702 1461 984t2contouredcconv0010.jpg
102 1402 352 1462 983t2contouredcconv0010.jpg
776 1399 961 1464 982t2contouredcconv0010.jpg
101 1327 1139 1411 981t2contouredcconv0010.jpg
101 1118 1058 1324 980t2contouredcconv0010.jpg
101 928 423 1112 979t2contouredcconv0010.jpg
488 927 1139 1111 978t2contouredcconv0010.jpg
762 819 842 874 977t2contouredcconv0010.jpg
102 819 593 924 976t2contouredcconv0010.jpg
101 775 234 828 975t2contouredcconv0010.jpg
943 774 1028 829 974t2contouredcconv0010.jpg
369 774 830 834 973t2contouredcconv0010.jpg
101 669 156 721 972t2contouredcconv0010.jpg
102 667 560 774 971t2contouredcconv0010.jpg
583 555 733 615 970t2contouredcconv0010.jpg
101 555 472 663 969t2contouredcconv0010.jpg
101 481 304 539 968t2contouredcconv0010.jpg
435 478 1139 540 967t2contouredcconv0010.jpg
583 379 934 475 966t2contouredcconv0010.jpg
102 292 697 475 965t2contouredcconv0010.jpg
101 210 510 293 964t2contouredcconv0010.jpg
600 209 1139 268 963t2contouredcconv0010.jpg
573 144 667 201 962t2contouredcconv0010.jpg
427 79 816 142 961t2contouredcconv0010.jpg
100 -2 1140 61 960t2contouredcconv0010.jpg
sameline
sameline
sameline
nextline
sameline
nextline
sameline
nextline
nextline
sameline
nextline
nextline
sameline
nextline
nextline
sameline
sameline
nextline
nextline
sameline
nextline
sameline
sameline
nextline
sameline
nextline
sameline
nextline
nextline
nextline
sameline
nextline
sameline
nextline
nextline
sameline
nextline
sameline
nextline
100 -2 1140 61 960t2contouredcconv0010.jpg 
427 79 816 142 961t2contouredcconv0010.jpg 
573 144 667 201 962t2contouredcconv0010.jpg 
600 209 1139 268 963t2contouredcconv0010.jpg 
101 210 510 293 964t2contouredcconv0010.jpg 
497 224 612 251 986t1conv0010.jpg 
102 292 697 475 965t2contouredcconv0010.jpg 
583 379 934 475 966t2contouredcconv0010.jpg 
435 478 1139 540 967t2contouredcconv0010.jpg 
101 481 304 539 968t2contouredcconv0010.jpg 
311 493 448 522 987t1conv0010.jpg 
113 522 305 557 988t1conv0010.jpg 
101 555 472 663 969t2contouredcconv0010.jpg 
583 555 733 615 970t2contouredcconv0010.jpg 
102 667 560 774 971t2contouredcconv0010.jpg 
101 669 156 721 972t2contouredcconv0010.jpg 
147 680 291 709 989t1conv0010.jpg 
547 680 686 709 990t1conv0010.jpg 
495 725 609 754 991t1conv0010.jpg 
369 774 830 834 973t2contouredcconv0010.jpg 
943 774 1028 829 974t2contouredcconv0010.jpg 
101 775 234 828 975t2contouredcconv0010.jpg 
221 787 365 816 992t1conv0010.jpg 
803 789 958 821 993t1conv0010.jpg 
102 819 593 924 976t2contouredcconv0010.jpg 
762 819 842 874 977t2contouredcconv0010.jpg 
513 832 625 866 994t1conv0010.jpg 
623 834 777 866 995t1conv0010.jpg 
579 877 693 906 996t1conv0010.jpg 
488 927 1139 1111 978t2contouredcconv0010.jpg 
101 928 423 1112 979t2contouredcconv0010.jpg 
299 940 475 974 997t1conv0010.jpg 
249 970 392 1004 998t1conv0010.jpg 
395 970 573 1004 999t1conv0010.jpg 
101 1118 1058 1324 980t2contouredcconv0010.jpg 
101 1327 1139 1411 981t2contouredcconv0010.jpg 
776 1399 961 1464 982t2contouredcconv0010.jpg 
102 1402 352 1462 983t2contouredcconv0010.jpg 
439 1402 702 1461 984t2contouredcconv0010.jpg 
101 1469 1139 1694 985t2contouredcconv0010.jpg 