
287 862 1079 892 999t1conv0252.jpg
287 835 928 865 998t1conv0252.jpg
287 808 1051 838 997t1conv0252.jpg
287 781 839 811 996t1conv0252.jpg
287 754 543 784 995t1conv0252.jpg
262 727 481 757 994t1conv0252.jpg
263 690 516 725 993t1conv0252.jpg
266 577 811 649 992t1conv0252.jpg
43 1399 112 1449 991t2contouredcconv0252.jpg
250 746 294 897 990t2contouredcconv0252.jpg
nextline
nextline
nextline
sameline
nextline
nextline
nextline
nextline
nextline
266 577 811 649 992t1conv0252.jpg 
263 690 516 725 993t1conv0252.jpg 
262 727 481 757 994t1conv0252.jpg 
250 746 294 897 990t2contouredcconv0252.jpg 
287 754 543 784 995t1conv0252.jpg 
287 781 839 811 996t1conv0252.jpg 
287 808 1051 838 997t1conv0252.jpg 
287 835 928 865 998t1conv0252.jpg 
287 862 1079 892 999t1conv0252.jpg 
43 1399 112 1449 991t2contouredcconv0252.jpg 