
697 508 830 544 999t1conv0015.jpg
338 508 618 543 998t1conv0015.jpg
113 508 340 538 997t1conv0015.jpg
559 479 900 513 996t1conv0015.jpg
261 479 459 513 995t1conv0015.jpg
897 478 1127 513 994t1conv0015.jpg
290 408 442 438 993t1conv0015.jpg
291 317 443 347 992t1conv0015.jpg
854 273 997 302 991t1conv0015.jpg
435 273 561 302 990t1conv0015.jpg
113 273 334 307 989t1conv0015.jpg
558 272 699 307 988t1conv0015.jpg
700 243 1127 277 987t1conv0015.jpg
507 243 704 277 986t1conv0015.jpg
161 243 504 277 985t1conv0015.jpg
450 169 563 202 984t1conv0015.jpg
439 539 571 601 983t2contouredcconv0015.jpg
776 538 902 601 982t2contouredcconv0015.jpg
102 538 230 601 981t2contouredcconv0015.jpg
605 496 711 556 980t2contouredcconv0015.jpg
445 467 568 525 979t2contouredcconv0015.jpg
101 467 275 520 978t2contouredcconv0015.jpg
428 396 558 450 977t2contouredcconv0015.jpg
132 305 564 456 976t2contouredcconv0015.jpg
683 260 868 314 975t2contouredcconv0015.jpg
320 260 449 319 974t2contouredcconv0015.jpg
101 232 170 284 973t2contouredcconv0015.jpg
552 157 802 214 972t2contouredcconv0015.jpg
583 81 913 143 971t2contouredcconv0015.jpg
102 81 400 143 970t2contouredcconv0015.jpg
100 -3 1140 61 969t2contouredcconv0015.jpg
sameline
sameline
nextline
nextline
nextline
sameline
sameline
sameline
nextline
sameline
nextline
nextline
sameline
sameline
nextline
sameline
sameline
nextline
nextline
sameline
sameline
nextline
sameline
sameline
nextline
sameline
sameline
nextline
sameline
nextline
100 -3 1140 61 969t2contouredcconv0015.jpg 
102 81 400 143 970t2contouredcconv0015.jpg 
583 81 913 143 971t2contouredcconv0015.jpg 
552 157 802 214 972t2contouredcconv0015.jpg 
450 169 563 202 984t1conv0015.jpg 
101 232 170 284 973t2contouredcconv0015.jpg 
161 243 504 277 985t1conv0015.jpg 
507 243 704 277 986t1conv0015.jpg 
700 243 1127 277 987t1conv0015.jpg 
320 260 449 319 974t2contouredcconv0015.jpg 
683 260 868 314 975t2contouredcconv0015.jpg 
558 272 699 307 988t1conv0015.jpg 
113 273 334 307 989t1conv0015.jpg 
435 273 561 302 990t1conv0015.jpg 
854 273 997 302 991t1conv0015.jpg 
132 305 564 456 976t2contouredcconv0015.jpg 
291 317 443 347 992t1conv0015.jpg 
428 396 558 450 977t2contouredcconv0015.jpg 
290 408 442 438 993t1conv0015.jpg 
101 467 275 520 978t2contouredcconv0015.jpg 
445 467 568 525 979t2contouredcconv0015.jpg 
897 478 1127 513 994t1conv0015.jpg 
261 479 459 513 995t1conv0015.jpg 
559 479 900 513 996t1conv0015.jpg 
605 496 711 556 980t2contouredcconv0015.jpg 
113 508 340 538 997t1conv0015.jpg 
338 508 618 543 998t1conv0015.jpg 
697 508 830 544 999t1conv0015.jpg 
102 538 230 601 981t2contouredcconv0015.jpg 
776 538 902 601 982t2contouredcconv0015.jpg 
439 539 571 601 983t2contouredcconv0015.jpg 