
573 805 696 834 999t1conv0023.jpg
304 805 448 839 998t1conv0023.jpg
161 715 273 744 997t1conv0023.jpg
227 637 515 673 996t1conv0023.jpg
683 574 813 610 995t1conv0023.jpg
152 574 399 610 994t1conv0023.jpg
1013 486 1127 516 993t1conv0023.jpg
877 457 1004 491 992t1conv0023.jpg
161 457 272 486 991t1conv0023.jpg
552 456 878 491 990t1conv0023.jpg
681 195 795 229 989t1conv0023.jpg
171 195 315 229 988t1conv0023.jpg
161 165 282 199 987t1conv0023.jpg
682 793 761 846 986t2contouredcconv0023.jpg
434 792 587 851 985t2contouredcconv0023.jpg
102 703 170 756 984t2contouredcconv0023.jpg
132 701 983 852 983t2contouredcconv0023.jpg
102 625 243 685 982t2contouredcconv0023.jpg
797 562 925 622 981t2contouredcconv0023.jpg
583 562 697 622 980t2contouredcconv0023.jpg
102 562 165 622 979t2contouredcconv0023.jpg
101 444 1139 563 978t2contouredcconv0023.jpg
102 366 426 428 977t2contouredcconv0023.jpg
583 302 777 364 976t2contouredcconv0023.jpg
102 302 368 364 975t2contouredcconv0023.jpg
102 240 298 300 974t2contouredcconv0023.jpg
583 238 777 300 973t2contouredcconv0023.jpg
101 153 185 236 972t2contouredcconv0023.jpg
270 152 1138 241 971t2contouredcconv0023.jpg
465 79 775 136 970t2contouredcconv0023.jpg
100 -3 1140 61 969t2contouredcconv0023.jpg
sameline
nextline
nextline
sameline
sameline
sameline
nextline
nextline
nextline
sameline
nextline
nextline
sameline
nextline
sameline
sameline
nextline
sameline
sameline
nextline
sameline
nextline
sameline
nextline
nextline
sameline
sameline
sameline
nextline
sameline
100 -3 1140 61 969t2contouredcconv0023.jpg 
465 79 775 136 970t2contouredcconv0023.jpg 
270 152 1138 241 971t2contouredcconv0023.jpg 
101 153 185 236 972t2contouredcconv0023.jpg 
161 165 282 199 987t1conv0023.jpg 
171 195 315 229 988t1conv0023.jpg 
681 195 795 229 989t1conv0023.jpg 
583 238 777 300 973t2contouredcconv0023.jpg 
102 240 298 300 974t2contouredcconv0023.jpg 
102 302 368 364 975t2contouredcconv0023.jpg 
583 302 777 364 976t2contouredcconv0023.jpg 
102 366 426 428 977t2contouredcconv0023.jpg 
101 444 1139 563 978t2contouredcconv0023.jpg 
552 456 878 491 990t1conv0023.jpg 
161 457 272 486 991t1conv0023.jpg 
877 457 1004 491 992t1conv0023.jpg 
1013 486 1127 516 993t1conv0023.jpg 
102 562 165 622 979t2contouredcconv0023.jpg 
583 562 697 622 980t2contouredcconv0023.jpg 
797 562 925 622 981t2contouredcconv0023.jpg 
152 574 399 610 994t1conv0023.jpg 
683 574 813 610 995t1conv0023.jpg 
102 625 243 685 982t2contouredcconv0023.jpg 
227 637 515 673 996t1conv0023.jpg 
132 701 983 852 983t2contouredcconv0023.jpg 
102 703 170 756 984t2contouredcconv0023.jpg 
161 715 273 744 997t1conv0023.jpg 
434 792 587 851 985t2contouredcconv0023.jpg 
682 793 761 846 986t2contouredcconv0023.jpg 
304 805 448 839 998t1conv0023.jpg 
573 805 696 834 999t1conv0023.jpg 