
196 970 813 1000 999t1conv0275.jpg
196 943 768 973 998t1conv0275.jpg
196 916 932 946 997t1conv0275.jpg
196 889 755 919 996t1conv0275.jpg
196 862 724 892 995t1conv0275.jpg
195 835 861 865 994t1conv0275.jpg
171 808 389 838 993t1conv0275.jpg
172 771 425 806 992t1conv0275.jpg
569 673 1000 730 991t1conv0275.jpg
173 673 544 730 990t1conv0275.jpg
751 579 914 651 989t1conv0275.jpg
467 579 731 665 988t1conv0275.jpg
175 579 447 651 987t1conv0275.jpg
1162 1399 1231 1449 986t2contouredcconv0275.jpg
159 827 202 1005 985t2contouredcconv0275.jpg
sameline
sameline
nextline
sameline
nextline
nextline
nextline
sameline
sameline
nextline
nextline
nextline
nextline
nextline
175 579 447 651 987t1conv0275.jpg 
467 579 731 665 988t1conv0275.jpg 
751 579 914 651 989t1conv0275.jpg 
173 673 544 730 990t1conv0275.jpg 
569 673 1000 730 991t1conv0275.jpg 
172 771 425 806 992t1conv0275.jpg 
171 808 389 838 993t1conv0275.jpg 
159 827 202 1005 985t2contouredcconv0275.jpg 
195 835 861 865 994t1conv0275.jpg 
196 862 724 892 995t1conv0275.jpg 
196 889 755 919 996t1conv0275.jpg 
196 916 932 946 997t1conv0275.jpg 
196 943 768 973 998t1conv0275.jpg 
196 970 813 1000 999t1conv0275.jpg 
1162 1399 1231 1449 986t2contouredcconv0275.jpg 