
171 1120 430 1148 999t1conv0255.jpg
276 1099 972 1128 998t1conv0255.jpg
171 1080 960 1107 997t1conv0255.jpg
540 1016 669 1042 996t1conv0255.jpg
743 979 854 1005 995t1conv0255.jpg
171 674 556 702 994t1conv0255.jpg
171 623 796 650 993t1conv0255.jpg
171 602 1011 629 992t1conv0255.jpg
171 580 959 608 991t1conv0255.jpg
742 480 853 506 990t1conv0255.jpg
171 175 500 203 989t1conv0255.jpg
1162 1399 1231 1449 988t2contouredcconv0255.jpg
159 1152 1024 1394 987t2contouredcconv0255.jpg
159 1088 292 1139 986t2contouredcconv0255.jpg
983 1054 1020 1091 985t2contouredcconv0255.jpg
314 706 869 1072 984t2contouredcconv0255.jpg
293 656 330 693 983t2contouredcconv0255.jpg
983 654 1023 718 982t2contouredcconv0255.jpg
168 654 208 693 981t2contouredcconv0255.jpg
983 557 1020 594 980t2contouredcconv0255.jpg
315 208 869 573 979t2contouredcconv0255.jpg
433 158 485 195 978t2contouredcconv0255.jpg
403 158 440 195 977t2contouredcconv0255.jpg
367 158 404 195 976t2contouredcconv0255.jpg
334 158 371 195 975t2contouredcconv0255.jpg
234 158 297 195 974t2contouredcconv0255.jpg
168 158 205 195 973t2contouredcconv0255.jpg
985 157 1024 221 972t2contouredcconv0255.jpg
1052 62 1232 109 971t2contouredcconv0255.jpg
nextline
nextline
sameline
sameline
sameline
sameline
sameline
nextline
sameline
nextline
sameline
nextline
nextline
nextline
nextline
sameline
nextline
nextline
sameline
nextline
nextline
sameline
nextline
nextline
sameline
nextline
nextline
nextline
1052 62 1232 109 971t2contouredcconv0255.jpg 
985 157 1024 221 972t2contouredcconv0255.jpg 
168 158 205 195 973t2contouredcconv0255.jpg 
234 158 297 195 974t2contouredcconv0255.jpg 
334 158 371 195 975t2contouredcconv0255.jpg 
367 158 404 195 976t2contouredcconv0255.jpg 
403 158 440 195 977t2contouredcconv0255.jpg 
433 158 485 195 978t2contouredcconv0255.jpg 
171 175 500 203 989t1conv0255.jpg 
315 208 869 573 979t2contouredcconv0255.jpg 
742 480 853 506 990t1conv0255.jpg 
983 557 1020 594 980t2contouredcconv0255.jpg 
171 580 959 608 991t1conv0255.jpg 
171 602 1011 629 992t1conv0255.jpg 
171 623 796 650 993t1conv0255.jpg 
168 654 208 693 981t2contouredcconv0255.jpg 
983 654 1023 718 982t2contouredcconv0255.jpg 
293 656 330 693 983t2contouredcconv0255.jpg 
171 674 556 702 994t1conv0255.jpg 
314 706 869 1072 984t2contouredcconv0255.jpg 
743 979 854 1005 995t1conv0255.jpg 
540 1016 669 1042 996t1conv0255.jpg 
983 1054 1020 1091 985t2contouredcconv0255.jpg 
171 1080 960 1107 997t1conv0255.jpg 
159 1088 292 1139 986t2contouredcconv0255.jpg 
276 1099 972 1128 998t1conv0255.jpg 
171 1120 430 1148 999t1conv0255.jpg 
159 1152 1024 1394 987t2contouredcconv0255.jpg 
1162 1399 1231 1449 988t2contouredcconv0255.jpg 