
314 1118 606 1150 999t1conv0257.jpg
171 1000 361 1029 998t1conv0257.jpg
841 946 1012 971 997t1conv0257.jpg
170 946 845 975 996t1conv0257.jpg
897 894 1012 921 995t1conv0257.jpg
857 867 972 894 994t1conv0257.jpg
328 867 443 894 993t1conv0257.jpg
442 865 555 890 992t1conv0257.jpg
171 838 359 867 991t1conv0257.jpg
633 784 1012 813 990t1conv0257.jpg
170 784 591 813 989t1conv0257.jpg
171 737 430 765 988t1conv0257.jpg
172 718 312 745 987t1conv0257.jpg
308 717 957 745 986t1conv0257.jpg
171 697 1005 724 985t1conv0257.jpg
790 574 901 600 984t1conv0257.jpg
756 241 910 267 983t1conv0257.jpg
171 179 652 207 982t1conv0257.jpg
1162 1399 1231 1449 981t2contouredcconv0257.jpg
995 1310 1054 1376 980t2contouredcconv0257.jpg
184 1165 999 1353 979t2contouredcconv0257.jpg
160 1106 327 1158 978t2contouredcconv0257.jpg
159 961 1024 1014 977t2contouredcconv0257.jpg
959 857 1023 902 976t2contouredcconv0257.jpg
159 853 1025 960 975t2contouredcconv0257.jpg
159 772 1024 852 974t2contouredcconv0257.jpg
242 210 941 689 973t2contouredcconv0257.jpg
983 189 1020 226 972t2contouredcconv0257.jpg
573 188 610 225 971t2contouredcconv0257.jpg
334 188 413 226 970t2contouredcconv0257.jpg
175 187 213 224 969t2contouredcconv0257.jpg
983 160 1020 198 968t2contouredcconv0257.jpg
1052 62 1232 109 967t2contouredcconv0257.jpg
nextline
nextline
sameline
sameline
sameline
sameline
nextline
sameline
nextline
nextline
sameline
nextline
nextline
nextline
sameline
sameline
nextline
nextline
sameline
nextline
nextline
sameline
sameline
nextline
sameline
nextline
sameline
nextline
sameline
nextline
nextline
sameline
1052 62 1232 109 967t2contouredcconv0257.jpg 
983 160 1020 198 968t2contouredcconv0257.jpg 
171 179 652 207 982t1conv0257.jpg 
175 187 213 224 969t2contouredcconv0257.jpg 
334 188 413 226 970t2contouredcconv0257.jpg 
573 188 610 225 971t2contouredcconv0257.jpg 
983 189 1020 226 972t2contouredcconv0257.jpg 
242 210 941 689 973t2contouredcconv0257.jpg 
756 241 910 267 983t1conv0257.jpg 
790 574 901 600 984t1conv0257.jpg 
171 697 1005 724 985t1conv0257.jpg 
308 717 957 745 986t1conv0257.jpg 
172 718 312 745 987t1conv0257.jpg 
171 737 430 765 988t1conv0257.jpg 
159 772 1024 852 974t2contouredcconv0257.jpg 
170 784 591 813 989t1conv0257.jpg 
633 784 1012 813 990t1conv0257.jpg 
171 838 359 867 991t1conv0257.jpg 
159 853 1025 960 975t2contouredcconv0257.jpg 
959 857 1023 902 976t2contouredcconv0257.jpg 
442 865 555 890 992t1conv0257.jpg 
328 867 443 894 993t1conv0257.jpg 
857 867 972 894 994t1conv0257.jpg 
897 894 1012 921 995t1conv0257.jpg 
170 946 845 975 996t1conv0257.jpg 
841 946 1012 971 997t1conv0257.jpg 
159 961 1024 1014 977t2contouredcconv0257.jpg 
171 1000 361 1029 998t1conv0257.jpg 
160 1106 327 1158 978t2contouredcconv0257.jpg 
314 1118 606 1150 999t1conv0257.jpg 
184 1165 999 1353 979t2contouredcconv0257.jpg 
995 1310 1054 1376 980t2contouredcconv0257.jpg 
1162 1399 1231 1449 981t2contouredcconv0257.jpg 