b'blob 2707\x00\n697 508 830 544 999t1conv0015.jpg\n338 508 618 543 998t1conv0015.jpg\n113 508 340 538 997t1conv0015.jpg\n559 479 900 513 996t1conv0015.jpg\n261 479 459 513 995t1conv0015.jpg\n897 478 1127 513 994t1conv0015.jpg\n290 408 442 438 993t1conv0015.jpg\n291 317 443 347 992t1conv0015.jpg\n854 273 997 302 991t1conv0015.jpg\n435 273 561 302 990t1conv0015.jpg\n113 273 334 307 989t1conv0015.jpg\n558 272 699 307 988t1conv0015.jpg\n700 243 1127 277 987t1conv0015.jpg\n507 243 704 277 986t1conv0015.jpg\n161 243 504 277 985t1conv0015.jpg\n450 169 563 202 984t1conv0015.jpg\n439 539 571 601 983t2contouredcconv0015.jpg\n776 538 902 601 982t2contouredcconv0015.jpg\n102 538 230 601 981t2contouredcconv0015.jpg\n605 496 711 556 980t2contouredcconv0015.jpg\n445 467 568 525 979t2contouredcconv0015.jpg\n101 467 275 520 978t2contouredcconv0015.jpg\n428 396 558 450 977t2contouredcconv0015.jpg\n132 305 564 456 976t2contouredcconv0015.jpg\n683 260 868 314 975t2contouredcconv0015.jpg\n320 260 449 319 974t2contouredcconv0015.jpg\n101 232 170 284 973t2contouredcconv0015.jpg\n552 157 802 214 972t2contouredcconv0015.jpg\n583 81 913 143 971t2contouredcconv0015.jpg\n102 81 400 143 970t2contouredcconv0015.jpg\n100 -3 1140 61 969t2contouredcconv0015.jpg\nsameline\nsameline\nnextline\nnextline\nnextline\nsameline\nsameline\nsameline\nnextline\nsameline\nnextline\nnextline\nsameline\nsameline\nnextline\nsameline\nsameline\nnextline\nnextline\nsameline\nsameline\nnextline\nsameline\nsameline\nnextline\nsameline\nsameline\nnextline\nsameline\nnextline\n100 -3 1140 61 969t2contouredcconv0015.jpg \n102 81 400 143 970t2contouredcconv0015.jpg \n583 81 913 143 971t2contouredcconv0015.jpg \n552 157 802 214 972t2contouredcconv0015.jpg \n450 169 563 202 984t1conv0015.jpg \n101 232 170 284 973t2contouredcconv0015.jpg \n161 243 504 277 985t1conv0015.jpg \n507 243 704 277 986t1conv0015.jpg \n700 243 1127 277 987t1conv0015.jpg \n320 260 449 319 974t2contouredcconv0015.jpg \n683 260 868 314 975t2contouredcconv0015.jpg \n558 272 699 307 988t1conv0015.jpg \n113 273 334 307 989t1conv0015.jpg \n435 273 561 302 990t1conv0015.jpg \n854 273 997 302 991t1conv0015.jpg \n132 305 564 456 976t2contouredcconv0015.jpg \n291 317 443 347 992t1conv0015.jpg \n428 396 558 450 977t2contouredcconv0015.jpg \n290 408 442 438 993t1conv0015.jpg \n101 467 275 520 978t2contouredcconv0015.jpg \n445 467 568 525 979t2contouredcconv0015.jpg \n897 478 1127 513 994t1conv0015.jpg \n261 479 459 513 995t1conv0015.jpg \n559 479 900 513 996t1conv0015.jpg \n605 496 711 556 980t2contouredcconv0015.jpg \n113 508 340 538 997t1conv0015.jpg \n338 508 618 543 998t1conv0015.jpg \n697 508 830 544 999t1conv0015.jpg \n102 538 230 601 981t2contouredcconv0015.jpg \n776 538 902 601 982t2contouredcconv0015.jpg \n439 539 571 601 983t2contouredcconv0015.jpg '