b'blob 1215\x00\n196 970 813 1000 999t1conv0275.jpg\n196 943 768 973 998t1conv0275.jpg\n196 916 932 946 997t1conv0275.jpg\n196 889 755 919 996t1conv0275.jpg\n196 862 724 892 995t1conv0275.jpg\n195 835 861 865 994t1conv0275.jpg\n171 808 389 838 993t1conv0275.jpg\n172 771 425 806 992t1conv0275.jpg\n569 673 1000 730 991t1conv0275.jpg\n173 673 544 730 990t1conv0275.jpg\n751 579 914 651 989t1conv0275.jpg\n467 579 731 665 988t1conv0275.jpg\n175 579 447 651 987t1conv0275.jpg\n1162 1399 1231 1449 986t2contouredcconv0275.jpg\n159 827 202 1005 985t2contouredcconv0275.jpg\nsameline\nsameline\nnextline\nsameline\nnextline\nnextline\nnextline\nsameline\nsameline\nnextline\nnextline\nnextline\nnextline\nnextline\n175 579 447 651 987t1conv0275.jpg \n467 579 731 665 988t1conv0275.jpg \n751 579 914 651 989t1conv0275.jpg \n173 673 544 730 990t1conv0275.jpg \n569 673 1000 730 991t1conv0275.jpg \n172 771 425 806 992t1conv0275.jpg \n171 808 389 838 993t1conv0275.jpg \n159 827 202 1005 985t2contouredcconv0275.jpg \n195 835 861 865 994t1conv0275.jpg \n196 862 724 892 995t1conv0275.jpg \n196 889 755 919 996t1conv0275.jpg \n196 916 932 946 997t1conv0275.jpg \n196 943 768 973 998t1conv0275.jpg \n196 970 813 1000 999t1conv0275.jpg \n1162 1399 1231 1449 986t2contouredcconv0275.jpg '