b'blob 3499\x00\n444 940 798 1096 999t1conv0020.jpg\n590 875 709 907 998t1conv0020.jpg\n161 873 273 902 997t1conv0020.jpg\n113 797 266 831 996t1conv0020.jpg\n722 769 841 801 995t1conv0020.jpg\n226 766 339 802 994t1conv0020.jpg\n113 766 225 802 993t1conv0020.jpg\n740 737 893 771 992t1conv0020.jpg\n337 737 698 771 991t1conv0020.jpg\n161 737 308 771 990t1conv0020.jpg\n894 736 1127 771 989t1conv0020.jpg\n174 664 333 698 988t1conv0020.jpg\n488 498 655 528 987t1conv0020.jpg\n356 498 490 533 986t1conv0020.jpg\n621 205 742 239 985t1conv0020.jpg\n161 172 278 206 984t1conv0020.jpg\n353 171 516 206 983t1conv0020.jpg\n101 1528 1139 1690 982t2contouredcconv0020.jpg\n101 1282 1139 1515 981t2contouredcconv0020.jpg\n119 1146 648 1268 980t2contouredcconv0020.jpg\n120 1095 298 1167 979t2contouredcconv0020.jpg\n101 860 600 953 978t2contouredcconv0020.jpg\n932 848 1138 919 977t2contouredcconv0020.jpg\n699 848 939 915 976t2contouredcconv0020.jpg\n828 754 1139 808 975t2contouredcconv0020.jpg\n328 727 755 814 974t2contouredcconv0020.jpg\n101 726 170 778 973t2contouredcconv0020.jpg\n299 724 352 778 972t2contouredcconv0020.jpg\n119 651 182 711 971t2contouredcconv0020.jpg\n319 639 636 710 970t2contouredcconv0020.jpg\n483 582 593 654 969t2contouredcconv0020.jpg\n163 582 281 654 968t2contouredcconv0020.jpg\n797 525 915 596 967t2contouredcconv0020.jpg\n480 524 591 596 966t2contouredcconv0020.jpg\n640 487 696 540 965t2contouredcconv0020.jpg\n120 486 371 596 964t2contouredcconv0020.jpg\n101 147 1139 487 963t2contouredcconv0020.jpg\n476 79 764 142 962t2contouredcconv0020.jpg\n100 -2 1140 61 961t2contouredcconv0020.jpg\nsameline\nnextline\nsameline\nnextline\nsameline\nnextline\nsameline\nnextline\nsameline\nnextline\nsameline\nnextline\nsameline\nnextline\nnextline\nsameline\nsameline\nnextline\nsameline\nsameline\nnextline\nsameline\nsameline\nsameline\nnextline\nsameline\nsameline\nnextline\nsameline\nsameline\nnextline\nsameline\nsameline\nnextline\nnextline\nnextline\nnextline\nnextline\n100 -2 1140 61 961t2contouredcconv0020.jpg \n476 79 764 142 962t2contouredcconv0020.jpg \n101 147 1139 487 963t2contouredcconv0020.jpg \n353 171 516 206 983t1conv0020.jpg \n161 172 278 206 984t1conv0020.jpg \n621 205 742 239 985t1conv0020.jpg \n120 486 371 596 964t2contouredcconv0020.jpg \n640 487 696 540 965t2contouredcconv0020.jpg \n356 498 490 533 986t1conv0020.jpg \n488 498 655 528 987t1conv0020.jpg \n480 524 591 596 966t2contouredcconv0020.jpg \n797 525 915 596 967t2contouredcconv0020.jpg \n163 582 281 654 968t2contouredcconv0020.jpg \n483 582 593 654 969t2contouredcconv0020.jpg \n319 639 636 710 970t2contouredcconv0020.jpg \n119 651 182 711 971t2contouredcconv0020.jpg \n174 664 333 698 988t1conv0020.jpg \n299 724 352 778 972t2contouredcconv0020.jpg \n101 726 170 778 973t2contouredcconv0020.jpg \n328 727 755 814 974t2contouredcconv0020.jpg \n894 736 1127 771 989t1conv0020.jpg \n161 737 308 771 990t1conv0020.jpg \n337 737 698 771 991t1conv0020.jpg \n740 737 893 771 992t1conv0020.jpg \n828 754 1139 808 975t2contouredcconv0020.jpg \n113 766 225 802 993t1conv0020.jpg \n226 766 339 802 994t1conv0020.jpg \n722 769 841 801 995t1conv0020.jpg \n113 797 266 831 996t1conv0020.jpg \n699 848 939 915 976t2contouredcconv0020.jpg \n932 848 1138 919 977t2contouredcconv0020.jpg \n101 860 600 953 978t2contouredcconv0020.jpg \n161 873 273 902 997t1conv0020.jpg \n590 875 709 907 998t1conv0020.jpg \n444 940 798 1096 999t1conv0020.jpg \n120 1095 298 1167 979t2contouredcconv0020.jpg \n119 1146 648 1268 980t2contouredcconv0020.jpg \n101 1282 1139 1515 981t2contouredcconv0020.jpg \n101 1528 1139 1690 982t2contouredcconv0020.jpg '