b'blob 2667\x00\n171 1120 430 1148 999t1conv0255.jpg\n276 1099 972 1128 998t1conv0255.jpg\n171 1080 960 1107 997t1conv0255.jpg\n540 1016 669 1042 996t1conv0255.jpg\n743 979 854 1005 995t1conv0255.jpg\n171 674 556 702 994t1conv0255.jpg\n171 623 796 650 993t1conv0255.jpg\n171 602 1011 629 992t1conv0255.jpg\n171 580 959 608 991t1conv0255.jpg\n742 480 853 506 990t1conv0255.jpg\n171 175 500 203 989t1conv0255.jpg\n1162 1399 1231 1449 988t2contouredcconv0255.jpg\n159 1152 1024 1394 987t2contouredcconv0255.jpg\n159 1088 292 1139 986t2contouredcconv0255.jpg\n983 1054 1020 1091 985t2contouredcconv0255.jpg\n314 706 869 1072 984t2contouredcconv0255.jpg\n293 656 330 693 983t2contouredcconv0255.jpg\n983 654 1023 718 982t2contouredcconv0255.jpg\n168 654 208 693 981t2contouredcconv0255.jpg\n983 557 1020 594 980t2contouredcconv0255.jpg\n315 208 869 573 979t2contouredcconv0255.jpg\n433 158 485 195 978t2contouredcconv0255.jpg\n403 158 440 195 977t2contouredcconv0255.jpg\n367 158 404 195 976t2contouredcconv0255.jpg\n334 158 371 195 975t2contouredcconv0255.jpg\n234 158 297 195 974t2contouredcconv0255.jpg\n168 158 205 195 973t2contouredcconv0255.jpg\n985 157 1024 221 972t2contouredcconv0255.jpg\n1052 62 1232 109 971t2contouredcconv0255.jpg\nnextline\nnextline\nsameline\nsameline\nsameline\nsameline\nsameline\nnextline\nsameline\nnextline\nsameline\nnextline\nnextline\nnextline\nnextline\nsameline\nnextline\nnextline\nsameline\nnextline\nnextline\nsameline\nnextline\nnextline\nsameline\nnextline\nnextline\nnextline\n1052 62 1232 109 971t2contouredcconv0255.jpg \n985 157 1024 221 972t2contouredcconv0255.jpg \n168 158 205 195 973t2contouredcconv0255.jpg \n234 158 297 195 974t2contouredcconv0255.jpg \n334 158 371 195 975t2contouredcconv0255.jpg \n367 158 404 195 976t2contouredcconv0255.jpg \n403 158 440 195 977t2contouredcconv0255.jpg \n433 158 485 195 978t2contouredcconv0255.jpg \n171 175 500 203 989t1conv0255.jpg \n315 208 869 573 979t2contouredcconv0255.jpg \n742 480 853 506 990t1conv0255.jpg \n983 557 1020 594 980t2contouredcconv0255.jpg \n171 580 959 608 991t1conv0255.jpg \n171 602 1011 629 992t1conv0255.jpg \n171 623 796 650 993t1conv0255.jpg \n168 654 208 693 981t2contouredcconv0255.jpg \n983 654 1023 718 982t2contouredcconv0255.jpg \n293 656 330 693 983t2contouredcconv0255.jpg \n171 674 556 702 994t1conv0255.jpg \n314 706 869 1072 984t2contouredcconv0255.jpg \n743 979 854 1005 995t1conv0255.jpg \n540 1016 669 1042 996t1conv0255.jpg \n983 1054 1020 1091 985t2contouredcconv0255.jpg \n171 1080 960 1107 997t1conv0255.jpg \n159 1088 292 1139 986t2contouredcconv0255.jpg \n276 1099 972 1128 998t1conv0255.jpg \n171 1120 430 1148 999t1conv0255.jpg \n159 1152 1024 1394 987t2contouredcconv0255.jpg \n1162 1399 1231 1449 988t2contouredcconv0255.jpg '