b'blob 1455\x00\n305 947 605 978 999t1conv0251.jpg\n171 945 301 978 998t1conv0251.jpg\n483 904 678 927 997t1conv0251.jpg\n305 900 486 931 996t1conv0251.jpg\n171 898 298 931 995t1conv0251.jpg\n305 853 437 880 994t1conv0251.jpg\n171 851 301 884 993t1conv0251.jpg\n637 711 923 780 992t1conv0251.jpg\n343 708 616 793 991t1conv0251.jpg\n170 708 321 780 990t1conv0251.jpg\n364 644 840 701 989t1conv0251.jpg\n172 629 342 701 988t1conv0251.jpg\n180 445 291 587 987t1conv0251.jpg\n414 419 565 556 986t1conv0251.jpg\n607 415 723 555 985t1conv0251.jpg\n850 617 967 713 984t2contouredcconv0251.jpg\n698 617 750 664 983t2contouredcconv0251.jpg\n283 433 416 570 982t2contouredcconv0251.jpg\nnextline\nnextline\nnextline\nnextline\nsameline\nnextline\nsameline\nnextline\nsameline\nsameline\nnextline\nsameline\nnextline\nsameline\nsameline\nnextline\nsameline\n607 415 723 555 985t1conv0251.jpg \n414 419 565 556 986t1conv0251.jpg \n283 433 416 570 982t2contouredcconv0251.jpg \n180 445 291 587 987t1conv0251.jpg \n698 617 750 664 983t2contouredcconv0251.jpg \n850 617 967 713 984t2contouredcconv0251.jpg \n172 629 342 701 988t1conv0251.jpg \n364 644 840 701 989t1conv0251.jpg \n170 708 321 780 990t1conv0251.jpg \n343 708 616 793 991t1conv0251.jpg \n637 711 923 780 992t1conv0251.jpg \n171 851 301 884 993t1conv0251.jpg \n305 853 437 880 994t1conv0251.jpg \n171 898 298 931 995t1conv0251.jpg \n305 900 486 931 996t1conv0251.jpg \n483 904 678 927 997t1conv0251.jpg \n171 945 301 978 998t1conv0251.jpg \n305 947 605 978 999t1conv0251.jpg '