b'blob 817\x00\n287 862 1079 892 999t1conv0252.jpg\n287 835 928 865 998t1conv0252.jpg\n287 808 1051 838 997t1conv0252.jpg\n287 781 839 811 996t1conv0252.jpg\n287 754 543 784 995t1conv0252.jpg\n262 727 481 757 994t1conv0252.jpg\n263 690 516 725 993t1conv0252.jpg\n266 577 811 649 992t1conv0252.jpg\n43 1399 112 1449 991t2contouredcconv0252.jpg\n250 746 294 897 990t2contouredcconv0252.jpg\nnextline\nnextline\nnextline\nsameline\nnextline\nnextline\nnextline\nnextline\nnextline\n266 577 811 649 992t1conv0252.jpg \n263 690 516 725 993t1conv0252.jpg \n262 727 481 757 994t1conv0252.jpg \n250 746 294 897 990t2contouredcconv0252.jpg \n287 754 543 784 995t1conv0252.jpg \n287 781 839 811 996t1conv0252.jpg \n287 808 1051 838 997t1conv0252.jpg \n287 835 928 865 998t1conv0252.jpg \n287 862 1079 892 999t1conv0252.jpg \n43 1399 112 1449 991t2contouredcconv0252.jpg '