b'blob 2775\x00\n573 805 696 834 999t1conv0023.jpg\n304 805 448 839 998t1conv0023.jpg\n161 715 273 744 997t1conv0023.jpg\n227 637 515 673 996t1conv0023.jpg\n683 574 813 610 995t1conv0023.jpg\n152 574 399 610 994t1conv0023.jpg\n1013 486 1127 516 993t1conv0023.jpg\n877 457 1004 491 992t1conv0023.jpg\n161 457 272 486 991t1conv0023.jpg\n552 456 878 491 990t1conv0023.jpg\n681 195 795 229 989t1conv0023.jpg\n171 195 315 229 988t1conv0023.jpg\n161 165 282 199 987t1conv0023.jpg\n682 793 761 846 986t2contouredcconv0023.jpg\n434 792 587 851 985t2contouredcconv0023.jpg\n102 703 170 756 984t2contouredcconv0023.jpg\n132 701 983 852 983t2contouredcconv0023.jpg\n102 625 243 685 982t2contouredcconv0023.jpg\n797 562 925 622 981t2contouredcconv0023.jpg\n583 562 697 622 980t2contouredcconv0023.jpg\n102 562 165 622 979t2contouredcconv0023.jpg\n101 444 1139 563 978t2contouredcconv0023.jpg\n102 366 426 428 977t2contouredcconv0023.jpg\n583 302 777 364 976t2contouredcconv0023.jpg\n102 302 368 364 975t2contouredcconv0023.jpg\n102 240 298 300 974t2contouredcconv0023.jpg\n583 238 777 300 973t2contouredcconv0023.jpg\n101 153 185 236 972t2contouredcconv0023.jpg\n270 152 1138 241 971t2contouredcconv0023.jpg\n465 79 775 136 970t2contouredcconv0023.jpg\n100 -3 1140 61 969t2contouredcconv0023.jpg\nsameline\nnextline\nnextline\nsameline\nsameline\nsameline\nnextline\nnextline\nnextline\nsameline\nnextline\nnextline\nsameline\nnextline\nsameline\nsameline\nnextline\nsameline\nsameline\nnextline\nsameline\nnextline\nsameline\nnextline\nnextline\nsameline\nsameline\nsameline\nnextline\nsameline\n100 -3 1140 61 969t2contouredcconv0023.jpg \n465 79 775 136 970t2contouredcconv0023.jpg \n270 152 1138 241 971t2contouredcconv0023.jpg \n101 153 185 236 972t2contouredcconv0023.jpg \n161 165 282 199 987t1conv0023.jpg \n171 195 315 229 988t1conv0023.jpg \n681 195 795 229 989t1conv0023.jpg \n583 238 777 300 973t2contouredcconv0023.jpg \n102 240 298 300 974t2contouredcconv0023.jpg \n102 302 368 364 975t2contouredcconv0023.jpg \n583 302 777 364 976t2contouredcconv0023.jpg \n102 366 426 428 977t2contouredcconv0023.jpg \n101 444 1139 563 978t2contouredcconv0023.jpg \n552 456 878 491 990t1conv0023.jpg \n161 457 272 486 991t1conv0023.jpg \n877 457 1004 491 992t1conv0023.jpg \n1013 486 1127 516 993t1conv0023.jpg \n102 562 165 622 979t2contouredcconv0023.jpg \n583 562 697 622 980t2contouredcconv0023.jpg \n797 562 925 622 981t2contouredcconv0023.jpg \n152 574 399 610 994t1conv0023.jpg \n683 574 813 610 995t1conv0023.jpg \n102 625 243 685 982t2contouredcconv0023.jpg \n227 637 515 673 996t1conv0023.jpg \n132 701 983 852 983t2contouredcconv0023.jpg \n102 703 170 756 984t2contouredcconv0023.jpg \n161 715 273 744 997t1conv0023.jpg \n434 792 587 851 985t2contouredcconv0023.jpg \n682 793 761 846 986t2contouredcconv0023.jpg \n304 805 448 839 998t1conv0023.jpg \n573 805 696 834 999t1conv0023.jpg '